1  5.8654923067
2  6.38553051829
3  4.8372512856
4  4.64542785973
5  5.21459490277
6  4.62168800332
7  4.65446022649
8  4.66936826562
9  4.9355850717
10  4.65446022649
11  8.64181693858
12  5.82468883289
13  4.63659357719
14  8.6165538355
15  5.17175018732
16  6.0485535461
17  4.41780488478
18  5.4742122721
19  4.63659357719
20  8.86870903796
21  5.50817574157
22  6.67083203206
23  6.59044763275
24  5.76524067147
25  3.97907024316
26  4.73413138812
27  5.9777922346
28  4.95338268257
29  4.45219047212
30  6.28577759708
31  6.56246904755
32  5.93388574207
33  7.13519446126
34  4.73571536307
35  4.44499718785
36  7.94820734506
37  4.83249418003
38  5.46369838113
39  7.83530471647
40  17.7682019349
41  6.22527107844
42  5.38321465297
43  5.15684011775
44  5.50953718564
45  6.24851982473
46  13.9458596006
47  7.31778655059
48  20.6669301058
49  6.77805281773
50  5.49527069397
51  7.14947550524
52  6.8633082402
53  4.09328718758
54  8.21717713086
55  4.70977706479
56  4.37367122678
57  3.33991017843
58  14.9334523805
59  7.76105662909
60  6.09598228344
61  5.9377605206
62  6.2524395239
63  13.9620557226
64  4.56234588781
65  7.39418690594
66  5.60276717346
67  5.43755459743
68  14.6494368492
69  7.8480570844
70  7.43740546158
71  16.171270822
72  4.26157247973
73  5.78644968871
74  4.85334935895
75  5.49572561178
76  6.44786786465
77  5.84020547584
78  14.2470347792
79  5.38535049927
80  6.53735420488
81  6.51812856578
82  7.57046894188
83  6.49884605142
84  9.11811384004
85  5.22704505433
86  8.83142117668
87  6.00183305333
88  7.35411449462
89  6.66940776981
90  7.12432452939
91  4.9193495505
92  13.5162124872
93  6.47518339509
94  8.00024999609
95  12.4161185561
96  14.0686175582
97  8.85070618651
98  5.7147178408
99  4.80957378569
100  5.62601102025
101  6.63136486705
102  7.40412047444
103  15.770859203
104  13.8005072371
105  6.50061535549
106  15.5378569951
107  5.51588614821
108  6.59158554522
109  4.863332191
110  4.95328174042
111  11.7768416819
112  5.28715424401
113  4.44994381987
114  5.48570870535
115  4.17995215284
116  16.6529576953
117  5.30725917965
118  5.95869113145
119  4.82918212537
120  5.94281078279
121  4.55554607045
122  6.90926913646
123  15.1369415669
124  7.77373783968
125  5.36814679382
126  6.06778377993
127  4.8829294486
128  6.06193038561
129  6.0329926239
130  5.36889187822
131  6.2505999712
132  5.6875302197
133  6.92524367802
134  7.01947291469
135  4.52272042028
136  4.64198233517
137  5.2577561754
138  6.95068341964
139  5.82322934462
140  5.56722552085
141  4.96477592646
142  4.72905910304
143  8.18406989217
144  15.9336750312
145  5.11742122558
146  14.7670579331
147  5.6664803891
148  4.50910190614
149  6.65695125414
150  5.73890233407
151  6.42993001517
152  5.56722552085
153  4.55938592356
154  5.79793066533
155  5.19259087547
156  5.37224347922
157  4.3826932359
158  5.05944661006
159  4.33405122259
160  5.05944661006
161  6.1674954398
162  5.22120675706
163  5.31319113151
164  4.62049780868
165  6.29317090186
166  5.70788927713
167  5.67926051524
168  6.04036422743
169  5.89364064055
170  6.15678487524
171  4.41112230617
172  5.37475580841
173  4.06546430313
174  6.97574368795
175  5.38683580593
176  6.08736396152
177  6.86862431641
178  4.10170696174
179  5.84551109827
180  6.37063576105
181  6.23353832105
182  5.98096982102
183  5.0156754281
184  6.51206572448
185  15.49741914
186  5.15877892529
187  4.35878423416
188  6.35720064179
189  4.580283834
190  4.49755489127
191  5.82056698269
192  4.67322158687
193  4.83807813083
194  6.00549748147
195  3.83979166101
196  5.18333869239
197  4.12043687004
198  5.18054051234
199  5.80878644813
200  5.67917247493
201  6.32684755625
202  11.3769064336
203  5.533443774
204  5.22235579025
205  10.6471592455
206  5.11253361847
207  4.61139892007
208  5.50645076251
209  5.76688824237
210  5.18439967595
211  5.13176382933
212  5.03984126734
213  5.52132230539
214  4.28590713852
215  5.66595093519
216  5.57772354998
217  4.20464029377
218  6.41794359589
219  5.04955443579
220  5.05074251967
221  5.61595940156
222  9.51325391231
223  5.46516239466
224  12.7973434743
225  6.40694935207
226  5.89389514668
227  4.41134900002
228  5.48069338679
229  4.59902163509
230  4.47928565733
231  5.24766614792
232  6.07955590483
233  6.97129830089
234  6.57403985385
235  5.54815284577
236  12.851420155
237  7.24320371107
238  6.96613235591
239  7.0301493583
240  6.05937290485
241  12.9848758177
242  9.90631111969
243  17.7817321991
244  5.86668560603
245  5.86353135917
246  6.26617905904
247  5.65234464625
248  15.1655201032
249  6.02552902242
250  5.17078330623
251  14.1187464033
252  11.4170486554
253  6.94830914684
254  15.8217255696
255  5.3044321091
256  5.43948526977
257  6.35861620166
258  6.18805300559
259  6.20540087343
260  5.83900676485
261  4.40249929018
262  5.19538256532
263  5.16865553118
264  4.8161187693
265  9.3954244183
266  5.10930523653
267  4.98718357392
268  5.21977010988
269  5.22206855566
270  4.50921279161
271  6.50215348942
272  11.3010176533
273  4.67792689126
274  6.35877346664
275  4.81134076947
276  11.759124117
277  5.12035155043
278  16.7512089116
279  4.64392075729
280  5.96783042655
281  11.3298720205
282  13.8995323662
283  4.69489084005
284  13.6356884681
285  6.20975039756
286  5.05835941783
287  5.67141957538
288  6.78350941622
289  5.45068802996
290  5.57512331702
291  6.76239602508
292  8.343860018
293  7.4306796459
294  3.97529873091
295  5.35453079177
296  5.89991525363
297  6.09425959408
298  14.5728171607
299  4.80759815292
300  10.4659447734
301  5.23698386478
302  4.90438579233
303  11.2317852544
304  6.53429414704
305  5.32033833511
306  5.78921410901
307  4.29220223196
308  4.63993534438
309  4.51718939165
310  5.85653481164
311  4.95822548902
312  5.13789840304
313  5.04192423584
314  6.90130422457
315  4.8780118901
316  5.60044641078
317  4.76088227118
318  7.71809562003
319  12.5764859957
320  13.1362856242
321  21.1795420158
322  15.039315144
323  5.69411977394
324  4.66057936313
325  5.00899191455
326  6.03796323275
327  6.98519863712
328  4.67557483097
329  13.6813742
330  4.49733254274
331  4.86034978165
332  10.1740355808
333  5.87664870483
334  6.41911208813
335  14.6578647831
336  6.47340713998
337  5.46040291554
338  5.8525208244
339  5.75534534151
340  4.79030270442
341  4.79124201017
342  6.0281008618
343  5.33844546661
344  6.06489900988
345  5.81386274348
346  5.65685424949
347  5.4544477264
348  5.71909083684
349  3.73630833845
350  6.16279157525
351  5.83583755771
352  6.11743410263
353  4.87432046546
354  6.74410854005
355  4.94024290901
356  4.95136344859
357  5.79327195978
358  5.93245311823
359  4.97935738826
360  4.66486870126
361  4.63152242788
362  4.64456671822
363  5.71734203979
364  4.67397047487
365  4.91487537991
366  5.1734901179
367  10.5230698943
368  5.55481772878
369  5.40305469156
370  5.33272913244
371  6.59408826147
372  5.23192125323
373  6.34775550884
374  5.84585323114
375  5.64180822077
376  5.96112405508
377  5.20643832192
378  4.66861863938
379  5.18295282633
380  10.1870506036
381  5.98640125618
382  6.46204302059
383  6.71773771444
384  5.34742928892
385  5.61684965083
386  5.46406442129
387  5.17358676355
388  6.12527550401
389  5.39342191934
390  5.80448102762
391  6.05557594288
392  4.82338055724
393  5.99224498832
394  4.6003260754
395  4.50277692097
396  13.6827263365
397  17.2255043468
398  5.10147037627
399  6.35326687618
400  6.01672668483
401  5.09499754661
402  4.56223629375
403  6.56003048773
404  4.77063937015
405  9.13329075416
406  7.87819776345
407  6.13840370129
408  6.3280328697
409  14.0522951862
410  5.79439384233
411  6.34137209127
412  3.94271480074
413  5.54788247893
414  11.6276824862
415  6.26130976713
416  8.02589558866
417  15.6151208769
418  4.71412770298
419  5.0960769225
420  5.35555786076
421  6.19297989662
422  5.23268573488
423  4.83270110808
424  4.92199146688
425  5.67820394139
426  5.5097186861
427  5.79896542497
428  4.88446517031
429  6.64258985637
430  6.21128006131
431  6.21128006131
432  6.98054439138
433  5.99166087158
434  5.42448154205
435  13.8889524443
436  3.51823819546
437  4.38941909596
438  6.98956364876
439  7.52535713438
440  15.2308568374
441  15.6350247841
442  5.9859000994
443  5.9871529127
444  4.92432736523
445  3.96169155791
446  5.07148893324
447  5.2358380418
448  5.56623750841
449  5.11448922181
450  5.7073636646
451  6.15978895742
452  6.0050811818
453  5.53949456178
454  5.9859000994
455  5.21066214602
456  4.71412770298
457  5.79016407367
458  6.02743726637
459  6.25195969277
460  5.91616429792
461  6.7282241342
462  16.8477001398
463  4.4734773946
464  14.0398005684
465  5.39731414687
466  4.61324181027
467  5.72538208332
468  5.62903188834
469  5.59195851201
470  5.27200151745
471  5.76324561337
472  5.09362346469
473  5.74830409773
474  4.43136547804
475  4.51043235178
476  5.46964349844
477  5.21488254901
478  4.2828728676
479  10.7132628083
480  6.30372905509
481  7.81069779213
482  6.22848296136
483  9.33364880419
484  5.95197446231
485  7.02979373808
486  5.87179699922
487  5.98581656919
488  5.04103164045
489  7.29993150653
490  5.06181785528
491  6.12764228721
492  13.0750908219
493  5.22895783116
494  8.01261505378
495  14.3637738774
496  4.45421149026
497  16.5652044962
498  5.95079826578
499  4.73856518368
500  4.86579900941
501  5.05123747214
502  4.71826239203
503  5.84183190446
504  4.42955979754
505  4.9259516847
506  4.69499733759
507  6.62276377353
508  4.46060534009
509  5.01577511458
510  6.12886612678
511  4.85736554111
512  5.20711052312
513  5.12064449069
514  5.09656747233
515  5.73986062549
516  4.8522159886
517  6.92509927727
518  6.23137224053
519  5.69034269618
520  4.98788532346
521  5.65039821606
522  5.71533026167
523  5.34106730907
524  5.88294144115
525  4.41803123574
526  4.47627076929
527  12.1772328548
528  4.59554131741
529  6.62789559363
530  6.71557890282
531  22.6390812534
532  5.6558818941
533  18.7544927951
534  5.9741108125
535  7.37739791525
536  16.3889596985
537  8.14990797494
538  7.8611067923
539  6.26761517644
540  6.18069575372
541  4.86569625028
542  4.31856457634
543  5.73053226149
544  6.15654123677
545  6.13897385562
546  5.8060313468
547  5.65411354679
548  6.8338861565
549  7.02758849108
550  6.26761517644
551  6.18069575372
552  4.80936586256
553  5.99874986976
554  6.73862003677
555  6.09376730767
556  5.64765438036
557  2.8048172846
558  12.9500579149
559  5.67970069634
560  4.89428237845
561  6.53153886921
562  6.11874170071
563  4.84602930243
564  5.07444578255
565  5.47987226128
566  5.17571251134
567  4.98788532346
568  5.05232619691
569  5.7955155077
570  6.18619430668
571  6.44018633271
572  6.22848296136
573  6.59818156767
574  6.80918497325
575  5.96757907363
576  5.54120925431
577  5.46003662991
578  5.80301645698
579  5.1341016741
580  5.37242961797
581  4.70042551265
582  5.21152568832
583  4.4224427639
584  4.52294152074
585  19.5968109651
586  6.32218316723
587  5.14995145608
588  5.3503270928
589  6.21988745879
590  6.4654466203
591  7.41673782737
592  4.89673360517
593  5.03458041946
594  5.36786736051
595  14.1612146372
596  8.47797145548
597  5.42678542049
598  9.82756327886
599  5.28639763922
600  7.43606078512
601  7.81716060984
602  4.74362730408
603  5.05816172142
604  4.95055552438
605  14.2607853921
606  6.60984114786
607  4.49321711027
608  5.66462708393
609  4.45376245437
610  4.90040814627
611  4.7542612465
612  5.82391620819
613  5.10470371324
614  5.07148893324
615  12.6441290724
616  25.5763758183
617  10.1806188417
618  9.30166651735
619  19.2663437112
620  5.63471383479
621  4.41678616191
622  5.61515805655
623  6.03058869432
624  5.94365207595
625  6.4223827354
626  7.06866323996
627  4.64919347844
628  4.51918134179
629  5.5986605541
630  12.7037002484
631  5.72712842531
632  8.37961812972
633  8.61777233396
634  4.22859314666
635  5.04053568582
636  5.30603430068
637  16.3652986529
638  7.56154746067
639  5.65614709851
640  6.02378618478
641  5.24175543115
642  4.70085098679
643  7.73252869377
644  14.074871225
645  6.54675492133
646  6.03033995725
647  4.88036883852
648  5.10499755142
649  4.54950546763
650  5.38135670626
651  4.24582147529
652  4.62947081209
653  8.20195098742
654  5.58775446848
655  10.0590755042
656  5.43553125278
657  5.54959457979
658  8.27592895088
659  5.18314576295
660  6.22631512212
661  7.6638763038
662  5.89550676363
663  4.92848861214
664  5.17629210922
665  6.12053919193
666  6.6626571276
667  6.33056079664
668  6.16214248456
669  4.54103512429
670  25.9173686936
671  15.1125444582
672  7.15779295593
673  5.870349223
674  8.8046010699
675  19.8708832214
676  5.50917416679
677  14.0471705336
678  10.063349343
679  15.9053135775
680  4.22599100804
681  6.40257760593
682  4.77283982551
683  5.46424743217
684  5.21152568832
685  5.22254727121
686  5.08438786876
687  5.33432282488
688  6.4989229877
689  9.97747463039
690  6.00940928877
691  11.7388244727
692  4.34718299592
693  10.7145695201
694  10.2518291051
695  20.2572209348
696  20.0647950401
697  9.50547210821
698  12.4475298754
699  12.0405149392
700  5.86617422176
701  5.66427400467
702  6.57662527441
703  5.04489841325
704  6.47163039736
705  6.47410225437
706  5.43810628804
707  5.6348913033
708  6.76572243001
709  4.77189689746
710  5.21660809339
711  5.18555686499
712  5.96397518439
713  6.02295608485
714  5.15528854673
715  6.58407168855
716  5.12610963597
717  10.0354372102
718  7.31238675126
719  14.8389689669
720  6.39257381655
721  9.72825780908
722  4.50688362397
723  4.60119549682
724  23.3451279714
725  5.30235796604
726  9.09070954326
727  12.1056185303
728  12.5262923485
729  3.3345164567
730  14.1343906837
731  12.1164351193
732  6.03672096423
733  6.26434354103
734  6.4847513445
735  6.00791145075
736  5.61177333826
737  5.60874317472
738  5.07759785725
739  5.67327066162
740  4.68572299651
741  4.74299483449
742  4.74299483449
743  6.05681434419
744  5.91920602784
745  6.02876438418
746  5.41267032065
747  5.836951259
748  6.81711082498
749  5.77009531984
750  5.48844240199
751  4.79520593927
752  4.87001026693
753  6.08366665753
754  6.44453256645
755  11.307784929
756  6.33837518612
757  4.56212669706
758  9.90449392953
759  11.4889947341
760  4.80426893502
761  10.439636009
762  5.13458859111
763  7.06887544097
764  5.7571694434
765  6.78041296677
766  6.2181990962
767  9.42533819022
768  9.11575559128
769  5.18304929554
770  5.31159109872
771  5.72293630927
772  6.89071839506
773  4.5484063143
774  4.8011456966
775  5.20365256334
776  7.33048429505
777  4.59673797382
778  6.70999254843
779  7.08858236885
780  9.15598165136
781  5.86532181555
782  5.6380847812
783  4.95671262028
784  4.36451600982
785  7.69733720192
786  5.51035389063
787  4.51508582421
788  6.32890195848
789  6.00882684057
790  5.96757907363
791  4.20202332216
792  6.51820527446
793  4.23308398216
794  8.99544329091
795  5.8396061511
796  21.6540296481
797  3.72974529961
798  5.47704299782
799  10.4159973118
800  7.89227470378
801  5.69526118804
802  5.19336114669
803  5.23182568517
804  4.89254534982
805  6.19911283975
806  5.1602325529
807  5.4542643867
808  5.98648477823
809  5.23717481091
810  5.09686177957
811  6.34420995869
812  6.32289490661
813  6.23081054117
814  6.26897120746
815  6.03042287074
816  6.6367160554
817  5.74804314528
818  6.85543579942
819  4.92960444661
820  4.70329671613
821  5.81910646062
822  7.29588925355
823  7.78890236169
824  13.7141897318
825  14.450570923
826  5.19990384526
827  6.87779034284
828  8.24117710039
829  7.75602991227
830  6.5424765953
831  5.43727873113
832  5.58345771006
833  6.84587467019
834  6.69731289399
835  5.63932620089
836  5.00419823748
837  6.65837818091
838  5.09028486433
839  5.69526118804
840  6.22840268448
841  6.68326267627
842  6.58232481727
843  5.38042749231
844  5.71603009089
845  4.71550633549
846  5.37354631505
847  8.05357063668
848  12.2787621526
849  15.4274754902
850  10.6314627404
851  12.7712176397
852  4.09865831706
853  5.50118169124
854  15.5709344614
855  13.7467450693
856  11.2078543888
857  8.32153831933
858  11.478980791
859  5.50881112401
860  10.9086204444
861  13.024131449
862  5.10107831738
863  5.28762706703
864  5.29575301539
865  12.513912258
866  3.44862291357
867  15.6063128253
868  6.42355042013
869  5.65720779184
870  6.02967660824
871  5.23411883702
872  5.78688171643
873  4.77137296803
874  6.286334385
875  6.63498304444
876  5.13176382933
877  5.71804162279
878  5.7642865994
879  7.08039546918
880  6.3664746917
881  6.85456052566
882  5.80525623896
883  5.31930446581
884  7.64532536914
885  5.86293441887
886  6.60923596189
887  7.33266663636
888  6.93022366161
889  4.78988517608
890  8.23140328255
891  14.1253318545
892  11.3796309255
893  11.6061190757
894  12.7870637756
895  7.04982269281
896  5.39610970978
897  5.81678605417
898  4.97252450974
899  6.15191027243
900  5.16807507685
901  4.90774897484
902  5.27105302572
903  5.20278771429
904  5.29348656369
905  4.96467521596
906  5.0987253309
907  5.52593883426
908  4.66765465732
909  5.47804709728
910  5.54129948658
911  4.71985169259
912  6.5089169606
913  4.43711618058
914  4.7063786503
915  4.82503885995
916  3.76297754445
917  4.70435968013
918  4.2083250825
919  4.10877110582
920  5.85149553533
921  5.48151438929
922  4.98668226379
923  5.46497941442
924  5.76818862382
925  7.189645332
926  5.2156495281
927  8.420332535
928  4.17731971484
929  4.34073726457
930  5.61186243595
931  6.56376416395
932  6.16838714738
933  5.77728309848
934  4.85170073273
935  5.35929099788
936  4.62190436941
937  5.82374449989
938  4.66476151588
939  4.92036584006
940  9.96960380356
941  10.638232936
942  14.2473506309
943  4.56705594448
944  13.2363892357
945  5.57835101083
946  8.27919078171
947  5.45133011292
948  4.20523483292
949  11.5765711677
950  13.9134107968
951  11.6069806582
952  5.39962961693
953  4.99719921556
954  6.34011040913
955  4.84252000512
956  4.80562170796
957  5.46799780541
958  5.21660809339
959  6.62849907596
960  4.86621002424
961  8.64112261225
962  15.0172234451
963  9.33032689674
964  15.8085103663
965  6.24843980526
966  7.02851335632
967  7.12755217448
968  7.97301699484
969  5.66144857788
970  4.9643730722
971  11.6312080198
972  17.9131795056
973  15.9764827168
974  13.413724315
975  5.28412717485
976  5.94331557298
977  7.8626967384
978  6.67607669219
979  6.39124401036
980  10.7426719209
981  12.2945516388
982  11.3759395216
983  7.09936616889
984  4.89969386799
985  4.76696968734
986  5.72931060425
987  4.72419305279
988  5.85072645062
989  4.51685731455
990  9.29553656332
991  5.97118078775
992  6.15166644089
993  6.87982557918
994  6.1564600218
995  6.24747949176
996  6.59439155647
997  5.35667807508
998  5.08310928468
999  5.97419450637
1000  6.0378804228
1001  15.4424415168
1002  14.3661407483
1003  22.5361265527
1004  5.64109918367
1005  6.63769538319
1006  7.94694910013
1007  9.38733188931
1008  12.6585149208
1009  6.51183537875
1010  13.2092013385
1011  6.19854821712
1012  17.8716535329
1013  11.1995982071
1014  12.1908982442
1015  11.333975472
1016  10.8491935184
1017  6.8574047569
1018  5.27522511368
1019  7.1432485607
1020  6.48228354826
1021  6.78461494854
1022  6.35271595461
1023  6.18425419917
1024  4.37984017973
1025  13.7713833728
1026  10.5029995716
1027  5.68506816142
1028  9.90015151399
1029  13.4029847422
1030  10.3813293946
1031  8.15634722164
1032  17.7178441126
1033  14.8715500201
1034  13.5701142221
1035  13.3982834721
1036  4.81788335268
1037  6.74507227537
1038  6.4565470648
1039  6.17324873952
1040  4.84241675199
1041  5.95063021872
1042  7.68921322373
1043  11.5833501199
1044  9.25391808911
1045  10.4549031559
1046  16.1372240488
1047  9.46567483067
1048  15.0628018642
1049  13.2800978912
1050  7.20638605682
1051  15.1766926568
1052  11.8942423046
1053  7.47034135766
1054  5.89109497462
1055  6.52272949002
1056  5.67714717089
1057  5.34892512567
1058  6.15751573283
1059  5.82580466545
1060  4.77283982551
1061  5.04053568582
1062  14.8188393608
1063  5.87800986729
1064  5.10196040753
1065  6.60704169807
1066  17.8318535212
1067  12.6385125707
1068  6.17713525835
1069  5.68937606421
1070  7.01106268693
1071  9.92612714003
1072  10.835358785
1073  7.5189094954
1074  5.63098570412
1075  5.93893929924
1076  4.76728434226
1077  5.05430509566
1078  6.17438256022
1079  6.63965360542
1080  5.8085282129
1081  5.28299157675
1082  6.43389462146
1083  13.0158365079
1084  12.0862318363
1085  4.58682897
1086  5.90855312238
1087  8.58102557973
1088  15.0758747673
1089  5.76506721557
1090  5.94802488226
1091  7.19110561736
1092  6.00516444404
1093  4.91457017449
1094  6.17268175107
1095  5.29943393203
1096  7.55956347946
1097  6.80778965597
1098  17.9903863216
1099  22.3296439739
1100  6.91614054224
1101  5.50336260844
1102  4.29255168868
1103  4.34465188479
1104  4.92635768088
1105  4.03732584764
1106  3.34050894326
1107  4.43373431771
1108  19.9531200568
1109  9.78897338846
1110  10.0526613392
1111  9.59359161107
1112  14.40760216
1113  18.0350492098
1114  10.1949987739
1115  9.43896180732
1116  11.8351172364
1117  13.2488867457
1118  5.29414771233
1119  6.06448678785
1120  8.42674314311
1121  9.89095546446
1122  7.35527021937
1123  5.47476026872
1124  4.57646151519
1125  5.03418315122
1126  6.19443298454
1127  5.12025389995
1128  4.80634996645
1129  5.95508186342
1130  5.96833310062
1131  4.74130783645
1132  5.52792908782
1133  5.01687153513
1134  14.9544307815
1135  20.3573573924
1136  5.08605937834
1137  3.57393340733
1138  4.32804805888
1139  4.7069098143
1140  4.33416658655
1141  4.29685931815
1142  4.80312398341
1143  18.5118880723
1144  10.6246882307
1145  19.6826319378
1146  14.7542875124
1147  10.8201663573
1148  8.33006602615
1149  5.67776364425
1150  6.54377566853
1151  5.88769904122
1152  8.55213423655
1153  8.76892239674
1154  15.4749474959
1155  20.0435276336
1156  6.57746151642
1157  5.76732173543
1158  8.83906103611
1159  14.459633467
1160  15.9890900304
1161  17.8312646775
1162  14.4020831827
1163  11.4145959193
1164  11.9033608699
1165  15.7563320605
1166  16.2362865212
1167  10.3200775191
1168  8.86199751749
1169  17.5903666818
1170  20.5700510451
1171  14.2670950091
1172  12.7474311138
1173  11.002499716
1174  5.91303644501
1175  6.14060257629
1176  6.78984535906
1177  6.10450653206
1178  6.60181793145
1179  17.3943094143
1180  14.0112097979
1181  14.1811847178
1182  12.1347847117
1183  9.38493473605
1184  13.7246129271
1185  11.1574190564
1186  8.98465358264
1187  6.31030902571
1188  13.5560687517
1189  6.14198664929
1190  6.22631512212
1191  6.42744117048
1192  6.11865998402
1193  6.03730072135
1194  20.1914338272
1195  15.2851889095
1196  10.9554096226
1197  17.0265674756
1198  9.68220016319
1199  11.9846568578
1200  12.7786932039
1201  6.95528575977
1202  5.0982349887
1203  6.11408210609
1204  7.00713921654
1205  6.16741436909
1206  17.6218330488
1207  4.98246926734
1208  4.76413685782
1209  6.67308024828
1210  10.0049487755
1211  7.67261363552
1212  10.8451371591
1213  7.34241104815
1214  9.27022114084
1215  10.8458286913
1216  11.259973357
1217  6.06341487942
1218  5.41322454735
1219  6.00774500125
1220  5.99549831123
1221  5.71436785655
1222  7.03342022063
1223  15.7840108971
1224  8.9552219403
1225  12.805038071
1226  10.9868102741
1227  5.12464632926
1228  6.38365099297
1229  5.4544477264
1230  8.96509899555
1231  9.05566121274
1232  6.77842164519
1233  8.73189555595
1234  15.7632166768
1235  18.0049715357
1236  15.018222265
1237  11.1819944554
1238  16.2109530873
1239  6.07807535327
1240  5.12464632926
1241  6.08120053937
1242  6.1661981804
1243  5.88888784067
1244  4.49343966244
1245  5.64242855515
1246  5.7714816122
1247  12.2172828403
1248  9.04096233816
1249  7.26601679051
1250  4.03460035196
1251  9.07650813915
1252  10.617155928
1253  14.6467743889
1254  8.52836443874
1255  12.1807635229
1256  4.16425263403
1257  14.1392008261
1258  11.4583593939
1259  10.8052764888
1260  13.048716412
1261  12.616061192
1262  12.8068341131
1263  9.02202859672
1264  21.177086674
1265  16.4204141239
1266  5.28478949439
1267  13.9360683121
1268  5.91016074231
1269  5.3553711356
1270  10.8854949359
1271  11.2210962031
1272  19.6859848623
1273  9.16034933832
1274  9.84860396198
1275  5.86344608571
1276  4.63076667518
1277  5.37540696134
1278  13.4287378409
1279  9.70494719203
1280  13.5994485182
1281  9.25521474629
1282  10.8490091713
1283  5.98514828555
1284  4.982669967
1285  7.3035607754
1286  6.9777503538
1287  8.08869581577
1288  11.6732172086
1289  4.60944682147
1290  19.475574446
1291  4.12116488386
1292  13.0797935764
1293  6.47850291348
1294  12.7430373145
1295  15.939542026
1296  6.1
1297  6.25203966718
1298  6.12241782305
1299  6.204836823
1300  4.79968748983
1301  4.91863802287
1302  6.33166644731
1303  6.90268063871
1304  7.1056315694
1305  11.0115394019
1306  9.39409388925
1307  19.7234631847
1308  17.0645832062
1309  14.2270516974
1310  7.94254367316
1311  5.06399052132
1312  4.24099045035
1313  5.73306200908
1314  10.6494600802
1315  21.8550223061
1316  6.21272886902
1317  7.20596974737
1318  6.53949539338
1319  6.98441121355
1320  6.11882341631
1321  5.59928566873
1322  5.5157048507
1323  15.5888421635
1324  15.0498172746
1325  16.6480629504
1326  12.3698423595
1327  14.1116264123
1328  5.26687763291
1329  4.98918831074
1330  5.64818554936
1331  13.1521100969
1332  7.19124467669
1333  12.8026559744
1334  14.5895853265
1335  6.38662665262
1336  7.18282674161
1337  5.56192412749
1338  5.73375967407
1339  4.85097928258
1340  9.08124440812
1341  13.8761305846
1342  5.19874984972
1343  5.87571272273
1344  10.8246478003
1345  9.89242134161
1346  12.9488223403
1347  12.9311639074
1348  14.5527660601
1349  18.2438756847
1350  21.2512117302
1351  11.0889584723
1352  8.99099549549
1353  9.45563324162
1354  12.8235330545
1355  6.06143547355
1356  5.92520041855
1357  4.98327201746
1358  10.4420304539
1359  14.2860771382
1360  4.8218253805
1361  6.83849398625
1362  16.2184462881
1363  10.7236654181
1364  12.6390268613
1365  17.0314415127
1366  19.3616889759
1367  6.60598213743
1368  10.4588240257
1369  10.4612140787
1370  5.9887394333
1371  6.33521901752
1372  5.78921410901
1373  10.6416164186
1374  7.07417839752
1375  5.37177810413
1376  6.88527414124
1377  6.07198484847
1378  6.23233503592
1379  20.1314182312
1380  11.9667038068
1381  18.1850213088
1382  13.6821416452
1383  11.0433690512
1384  14.1602259869
1385  22.195089547
1386  13.1082798261
1387  13.271699213
1388  13.3819281122
1389  13.8487183523
1390  15.6220357188
1391  13.6749405849
1392  13.9549274452
1393  16.093073044
1394  15.4081147452
1395  10.7622023768
1396  9.69231654456
1397  19.5158397206
1398  14.369899095
1399  11.4261104493
1400  8.08875763019
1401  10.9177378609
1402  10.0820632809
1403  12.2673958117
1404  12.398346664
1405  7.15471872263
1406  6.75588632231
1407  7.43827937093
1408  18.4007608538
1409  20.9937371614
1410  16.4140183989
1411  13.7476543454
1412  18.9487730474
1413  15.1849267367
1414  6.32834891579
1415  20.1418469858
1416  11.5025649314
1417  12.085569908
1418  6.78888797963
1419  6.75485010937
1420  12.2934942144
1421  12.4242102365
1422  7.28594537449
1423  16.3037725696
1424  9.53367714998
1425  18.174460102
1426  15.4643137578
1427  14.9335528258
1428  13.4148052539
1429  10.3211917916
1430  15.070865934
1431  6.96010057399
1432  13.3333416667
1433  18.8434073352
1434  13.4947397159
1435  13.5592772669
1436  6.35720064179
1437  6.84813843318
1438  8.04698701378
1439  11.8064812709
1440  10.1655791768
1441  14.7543891775
1442  7.06463020971
1443  13.6751233998
1444  9.20760555193
1445  14.1858027619
1446  6.76091709755
1447  6.36671029653
1448  7.1246754312
1449  5.15460958754
1450  7.72677164151
1451  6.09672042987
1452  6.46838465152
1453  15.650431304
1454  18.3332212118
1455  15.3190404399
1456  16.0556843517
1457  10.9899499544
1458  10.4980474375
1459  9.74817931719
1460  9.03985619355
1461  3.21667530223
1462  15.7134019232
1463  13.058790143
1464  14.3666279969
1465  13.8284489369
1466  3.57561183576
1467  10.9999090905
1468  16.4643858069
1469  18.0859890523
1470  21.1278962512
1471  12.3536634243
1472  13.4094369755
1473  11.2288913077
1474  13.672161497
1475  14.0459246759
1476  20.0167429918
1477  6.03498135871
1478  6.40328040929
1479  6.84886851969
1480  6.05805249234
1481  6.67959579615
1482  12.5949196107
1483  9.14303013229
1484  9.88913545261
1485  12.6653464224
1486  12.4871934397
1487  17.2990173131
1488  13.17235742
1489  12.6422308158
1490  5.91430469286
1491  15.7258068156
1492  6.30753517628
1493  6.10278624892
1494  7.23539909058
1495  11.2222992297
1496  8.64146978239
1497  17.9449714405
1498  11.4045604913
1499  6.7407714692
1500  5.91954390135
1501  10.0853854661
1502  12.206760422
1503  14.2618722474
1504  13.3827874525
1505  12.6906264621
1506  16.9544979283
1507  12.7996874962
1508  5.48652895736
1509  7.09697118495
1510  7.78813199683
1511  6.85609218141
1512  6.3638038939
1513  5.5454485842
1514  12.4300040225
1515  9.67538112944
1516  16.0930109054
1517  18.8561130671
1518  13.8185382729
1519  16.6985927551
1520  7.53325958666
1521  6.79691106312
1522  6.07404313452
1523  13.2829966499
1524  12.0545841903
1525  15.9302542353
1526  11.3307546086
1527  17.1026021412
1528  15.382457541
1529  11.9279922871
1530  12.6502569144
1531  8.96482013205
1532  5.26089346024
1533  11.0969815716
1534  16.0768156051
1535  12.1905701261
1536  11.6613035292
1537  5.8223706512
1538  5.93540226101
1539  7.94493549376
1540  11.6346895103
1541  9.683491106
1542  13.5667977062
1543  18.7554258816
1544  14.7899628127
1545  7.47275049764
1546  6.46018575584
1547  7.47509197268
1548  10.9394241165
1549  12.2158094288
1550  15.6479391614
1551  10.3918718237
1552  15.3874949228
1553  11.1585841396
1554  14.812359704
1555  6.54469250615
1556  6.06910207527
1557  6.07782855961
1558  6.0497933849
1559  9.28030171923
1560  6.92213839792
1561  6.42012460938
1562  6.56863760608
1563  10.4842739377
1564  15.0469930551
1565  11.9762264508
1566  11.9208640626
1567  11.5618770102
1568  11.0319535895
1569  8.36397034906
1570  11.0111761406
1571  13.6144041368
1572  15.7739658932
1573  6.21916393095
1574  5.99166087158
1575  6.87568178438
1576  6.92076585357
1577  7.24913787978
1578  6.47773108426
1579  6.68086820705
1580  6.10376932723
1581  6.63445551647
1582  5.88549063375
1583  6.08037827771
1584  6.09458776293
1585  5.99166087158
1586  8.43107347851
1587  11.96382046
1588  12.4710464677
1589  17.7872145093
1590  18.6513002228
1591  20.1852421338
1592  13.0256669695
1593  12.479663457
1594  14.0343507153
1595  14.227684281
1596  7.21727095238
1597  6.72465612504
1598  6.34854313997
1599  6.03920524573
1600  5.6928024733
1601  12.692675053
1602  15.3535989266
1603  14.0478468101
1604  11.7535951947
1605  16.8216824367
1606  6.49415121475
1607  6.22984751017
1608  17.2453471986
1609  16.9479497285
1610  10.9662208623
1611  9.92743672858
1612  12.9772493233
1613  12.3009755711
1614  12.1354439556
1615  12.664596322
1616  12.9942294885
1617  6.39687423669
1618  6.41794359589
1619  9.3277006813
1620  11.4835099164
1621  13.7577251026
1622  10.7325672604
1623  16.2626258642
1624  7.28704329615
1625  13.1895034023
1626  14.3493902309
1627  10.9250629289
1628  13.6213802531
1629  12.8633588149
1630  14.1780464099
1631  9.76452763834
1632  13.9246543943
1633  8.88886944442
1634  14.9088899654
1635  11.1752852313
1636  14.4364469313
1637  12.9727791934
1638  15.2773688834
1639  6.14027686672
1640  6.49561390478
1641  18.668556452
1642  11.5528784292
1643  11.3114101685
1644  9.98969469003
1645  13.6008823243
1646  13.5520478157
1647  18.0744847783
1648  6.37471567993
1649  12.5944432191
1650  17.414849985
1651  19.3222410708
1652  17.2800752313
1653  14.072455365
1654  12.645829352
1655  13.1681433771
1656  3.92810386828
1657  10.9365899621
1658  11.8221402462
1659  11.6561142753
1660  3.56300435026
1661  5.64508635895
1662  8.4455313628
1663  6.08769250209
1664  17.705309938
1665  23.676190572
1666  7.36831052549
1667  9.11553618829
1668  9.32695019822
1669  9.55023559919
1670  12.0685956101
1671  18.8095720313
1672  10.1899460254
1673  9.91846762358
1674  14.331085095
1675  8.52601900068
1676  17.9968608374
1677  16.0957758434
1678  11.501825942
1679  15.1974010936
1680  19.3165731951
1681  17.6983332549
1682  10.1395266162
1683  10.4997619021
1684  14.586774832
1685  10.4924258396
1686  15.4616622651
1687  7.52701800184
1688  7.16226221246
1689  7.85423452667
1690  7.59703889683
1691  20.5635600031
1692  14.2830668976
1693  14.5466490987
1694  9.9947986473
1695  19.802752334
1696  13.2573753058
1697  16.1970676358
1698  16.4134396151
1699  18.5893248936
1700  20.167473813
1701  5.52059779372
1702  6.80477773333
1703  16.3632209543
1704  6.41038220389
1705  24.1377919454
1706  15.0115955181
1707  10.7839695845
1708  9.83605612021
1709  14.0287561815
1710  14.5417330466
1711  22.9038643028
1712  10.246950766
1713  13.2185475753
1714  6.41825521462
1715  6.25867398096
1716  7.19020166616
1717  13.5116616299
1718  10.5146564376
1719  13.9878876175
1720  9.87775278087
1721  16.2736289745
1722  14.5973627755
1723  12.2332334238
1724  12.7501764694
1725  18.2262448135
1726  23.5454454194
1727  20.3142806912
1728  13.8011956004
1729  7.02652118761
1730  7.24651640445
1731  6.67727489325
1732  7.09429348138
1733  6.72272266273
1734  8.01405016206
1735  11.9984582343
1736  7.28676883124
1737  6.13131307307
1738  16.9954699847
1739  10.9097204364
1740  15.6127511989
1741  22.8515207371
1742  14.4461759646
1743  12.3408670684
1744  12.889336678
1745  15.5771627712
1746  9.00588696354
1747  17.9961662584
1748  14.7660082622
1749  12.1536825695
1750  16.6095755515
1751  14.1709914967
1752  14.535508247
1753  11.9013444619
1754  12.2250971366
1755  6.17138558186
1756  7.99724952718
1757  9.96463747459
1758  7.01149056906
1759  5.21871631726
1760  5.73715957596
1761  7.21339032633
1762  6.25251949217
1763  8.96666047088
1764  23.4674242302
1765  14.4836804715
1766  11.7514679934
1767  10.8489169966
1768  16.891092327
1769  21.2953046468
1770  15.3945120092
1771  17.5147366523
1772  6.59393660873
1773  6.11604447335
1774  11.5542200083
1775  8.27441840857
1776  5.77892723609
1777  6.68879660328
1778  5.70043857962
1779  4.41984162612
1780  8.05884607124
1781  12.8187752925
1782  9.9627305494
1783  12.0915259583
1784  13.1570893438
1785  8.5923803454
1786  11.160510741
1787  11.6366232215
1788  15.6281156894
1789  5.79240882535
1790  6.96850055607
1791  7.42657390726
1792  18.1359311865
1793  6.89013787961
1794  6.71408966279
1795  6.21329220301
1796  8.70017241208
1797  5.58614357137
1798  6.63159106097
1799  6.4411955412
1800  6.27805702427
1801  9.7503846078
1802  8.57373897433
1803  7.50513157779
1804  8.5855110506
1805  19.138260109
1806  14.5982533202
1807  15.4680638737
1808  11.3704881162
1809  12.4788220598
1810  18.7081265764
1811  17.8805201267
1812  4.83549377003
1813  7.20701047592
1814  5.10685813392
1815  6.4049980484
1816  8.29445597975
1817  6.60053028173
1818  8.56889724527
1819  8.04114419719
1820  6.06827817424
1821  8.20865397005
1822  6.36097476807
1823  5.68629932381
1824  19.1834564143
1825  15.3112703588
1826  12.1224584965
1827  18.4421528028
1828  11.665290395
1829  18.4691364173
1830  5.50590592001
1831  5.00099990002
1832  5.11771433357
1833  4.90122433684
1834  13.8942793984
1835  11.3580368022
1836  10.2253606293
1837  11.9065948113
1838  5.49281348673
1839  9.08509768797
1840  5.79154556228
1841  6.64740550892
1842  6.70976899751
1843  9.95293926436
1844  22.3413070343
1845  18.6925386184
1846  15.4618239545
1847  19.7349942995
1848  8.63487116291
1849  6.11972221592
1850  7.20895276722
1851  5.85320425066
1852  11.0246541896
1853  16.4291813551
1854  16.8355873078
1855  15.0911232186
1856  23.1838952724
1857  7.10971166785
1858  9.76217188949
1859  10.735315552
1860  7.6241720862
1861  11.7968639901
1862  23.2976608268
1863  6.16522505672
1864  6.08785676573
1865  6.87713603181
1866  8.46782144356
1867  12.1151145269
1868  13.6899233015
1869  15.2081228296
1870  8.89775252522
1871  14.471661964
1872  6.47224845011
1873  9.82954729375
1874  16.484083232
1875  12.3434192994
1876  10.1776225122
1877  15.6294593637
1878  16.9146977508
1879  17.3769962882
1880  7.39107569979
1881  7.1945117972
1882  6.82605303232
1883  7.95040879452
1884  12.6608846452
1885  14.7246392146
1886  15.3547712454
1887  9.89605982197
1888  15.3782638812
1889  18.2643642101
1890  18.5703257914
1891  19.2627879602
1892  15.7975631032
1893  9.08707873852
1894  7.33982288615
1895  6.63874988232
1896  6.45917951446
1897  6.20789819504
1898  6.69059040743
1899  8.36964754336
1900  12.1668401814
1901  12.7820577373
1902  12.4803044835
1903  7.56379534361
1904  8.84228477261
1905  14.2064773959
1906  20.4034065783
1907  13.0147224327
1908  18.484155377
1909  9.29698875981
1910  10.3303920545
1911  15.2725898262
1912  12.3792972337
1913  9.56153753326
1914  7.00171407585
1915  16.8364188591
1916  13.3303788393
1917  9.85388248357
1918  7.43121793517
1919  5.67053789336
1920  5.61613746271
1921  11.9065948113
1922  12.5089967623
1923  10.0964845367
1924  14.9818556928
1925  14.6853328188
1926  14.9216621058
1927  11.2375264182
1928  17.2937560987
1929  15.3284702433
1930  17.4800457665
1931  11.9217028985
1932  13.6406744701
1933  16.1351789578
1934  10.0859803688
1935  11.2654782411
1936  20.2613671799
1937  11.8831393159
1938  11.707433536
1939  16.8346963145
1940  7.6130151714
1941  5.14140058739
1942  7.61209563786
1943  7.64434431459
1944  6.15922072993
1945  13.0388266343
1946  19.4977947471
1947  12.9237378494
1948  16.0438773369
1949  7.7620229322
1950  4.57624300054
1951  13.3942151692
1952  3.21014018385
1953  6.98111738907
1954  6.7487776671
1955  8.05766715619
1956  17.1688380504
1957  9.59838528087
1958  12.6638461772
1959  12.9092602422
1960  14.9523911131
1961  12.5960708159
1962  18.1348283697
1963  5.17928566503
1964  4.59684674532
1965  6.68655367136
1966  4.38349175886
1967  6.1871641323
1968  8.24857563462
1969  6.67360472309
1970  11.4597993002
1971  8.64910399984
1972  10.4724877656
1973  12.0146160987
1974  17.8594512794
1975  12.5752534766
1976  19.660696834
1977  12.1934408597
1978  16.6230261986
1979  6.95161851658
1980  6.12396930103
1981  5.80732296329
1982  8.30945244887
1983  5.98005016701
1984  6.62449998113
1985  5.86301969978
1986  6.33048181421
1987  6.75018518264
1988  11.496869139
1989  14.9053010704
1990  4.24829377515
1991  8.19609663193
1992  7.99024405134
1993  7.5278815081
1994  5.725032751
1995  7.233394777
1996  8.93571485669
1997  16.1945361156
1998  11.2981856951
1999  10.301698889
2000  14.8595087402
2001  9.70814091369
2002  24.5083047149
2003  16.6941307051
2004  14.8489730285
2005  8.60691582392
2006  8.1413143902
2007  3.7230363952
2008  7.91302723362
2009  6.08933493906
2010  6.33805963998
2011  6.6381473319
2012  6.650112781
2013  6.56894207616
2014  5.63107449782
2015  14.5350266598
2016  14.5975682906
2017  15.2624047909
2018  14.3462887187
2019  16.1811000862
2020  19.8605135885
2021  6.17308674814
2022  5.01138703355
2023  4.68934963508
2024  5.66586268806
2025  9.59947915254
2026  6.23193388925
2027  8.38319748068
2028  8.12225338191
2029  6.05119822845
2030  14.88882131
2031  13.924582579
2032  9.74643524577
2033  20.2042569772
2034  12.1023138284
2035  23.3027895326
2036  13.9353507311
2037  5.9272253205
2038  5.86310497945
2039  8.19158104397
2040  7.50759615323
2041  6.67053221265
2042  10.1962247916
2043  6.74269975603
2044  5.9272253205
2045  5.86310497945
2046  18.8283031631
2047  14.9364319702
2048  14.928697197
2049  10.1968622625
2050  15.0130609804
2051  18.6806584466
2052  11.3598855628
2053  16.517869112
2054  18.4795292148
2055  7.26071621812
2056  5.69016695713
2057  8.53012309407
2058  8.04319588223
2059  13.7980795765
2060  19.2926929173
2061  16.727312994
2062  12.6046023341
2063  4.98186711987
2064  15.3047378285
2065  17.6271381682
2066  4.60705979992
2067  7.46819924748
2068  5.1288400248
2069  7.87876893937
2070  5.71620503481
2071  8.67801820694
2072  7.7411239494
2073  6.95995689642
2074  9.12228041665
2075  7.51045937343
2076  12.2093406865
2077  11.8387921681
2078  12.4955191969
2079  4.15246914498
2080  13.2599019604
2081  14.6696625728
2082  15.6764791966
2083  13.7719279696
2084  7.9131536065
2085  5.22350457069
2086  6.2676949511
2087  4.0949969475
2088  7.57357247275
2089  6.52096618608
2090  8.27133604685
2091  14.3533968105
2092  17.7665697308
2093  15.6477474417
2094  13.3801345285
2095  15.2888848514
2096  19.5708456639
2097  14.9819224401
2098  7.49886658102
2099  8.39577274585
2100  6.86469227278
2101  7.97665343361
2102  5.99966665741
2103  5.93017706312
2104  6.577613549
2105  11.7877054595
2106  22.6628550717
2107  10.7001869143
2108  8.17477828446
2109  13.9103199101
2110  13.7142626488
2111  12.6518378112
2112  14.3555912452
2113  18.2596002147
2114  12.7484116658
2115  5.67000881834
2116  10.3020386332
2117  8.45056211148
2118  6.93844362952
2119  6.17446353945
2120  7.08660708661
2121  5.92300599358
2122  7.1187077479
2123  7.05081555566
2124  6.95636399278
2125  14.0139573283
2126  7.20791231911
2127  16.921997518
2128  11.5170742813
2129  8.7155034278
2130  15.062337136
2131  7.49179551243
2132  6.91483911599
2133  7.66446345154
2134  11.3876248621
2135  11.799279639
2136  10.9177378609
2137  15.5635792798
2138  14.3481706151
2139  10.0431568742
2140  12.8820805773
2141  12.8987208668
2142  17.8712898247
2143  7.3442494511
2144  18.2162015799
2145  21.1903751736
2146  15.7094557512
2147  16.2787591665
2148  13.5504981458
2149  10.2052927445
2150  13.6666382114
2151  12.8085518307
2152  12.9743207915
2153  16.0813245723
2154  14.5453428973
2155  10.2689337324
2156  5.99516471834
2157  6.94607803008
2158  9.42841450086
2159  6.01647737468
2160  15.331568739
2161  5.80956108497
2162  10.6876096486
2163  14.4533733087
2164  16.0368949613
2165  11.661775165
2166  13.1180028968
2167  16.556177095
2168  9.33172009867
2169  12.7882758807
2170  9.69169747774
2171  4.97795138586
2172  6.65695125414
2173  9.19227936912
2174  12.9043016084
2175  16.3919187406
2176  15.6961778787
2177  18.5817114389
2178  16.3238475857
2179  14.6931957041
2180  10.2792023037
2181  22.9035586755
2182  5.979882942
2183  4.56793169826
2184  16.3770265922
2185  9.91398002822
2186  15.7883501355
2187  14.2986013302
2188  16.1401672854
2189  18.6826122371
2190  4.21295620675
2191  6.01830540933
2192  8.1497239217
2193  11.1742113816
2194  17.6091737455
2195  16.2059556954
2196  20.8769729607
2197  19.9536212252
2198  19.5519308509
2199  7.05889509768
2200  13.9077676138
2201  20.1168088921
2202  20.2078202684
2203  16.8687284642
2204  13.2301171575
2205  7.12137627148
2206  11.1420823906
2207  11.2073190371
2208  14.1037229128
2209  9.6183158609
2210  15.4282208955
2211  15.3728657055
2212  4.4367781103
2213  8.48304190724
2214  8.92692556259
2215  20.1353668951
2216  17.757927807
2217  20.4707596342
2218  15.3929854154
2219  17.0333496412
2220  14.2656230148
2221  4.78654363816
2222  7.78280155214
2223  6.87728143964
2224  8.57607136164
2225  7.31826482166
2226  10.5217869205
2227  10.8826926815
2228  14.0315002762
2229  15.2932664922
2230  14.5560640284
2231  12.9413677793
2232  18.0780253346
2233  37.2196319165
2234  6.59681741448
2235  5.81816122155
2236  9.76237675979
2237  6.03075451333
2238  6.19217247822
2239  9.7017008818
2240  6.53651283178
2241  8.32358096014
2242  8.26553083595
2243  6.34665266105
2244  6.13237311324
2245  18.8786652071
2246  12.1064032644
2247  15.1709920572
2248  12.3492914777
2249  13.1701936204
2250  6.32052213033
2251  11.5913329691
2252  17.3133474522
2253  14.4994827494
2254  14.9375366108
2255  7.91965908357
2256  6.88164224586
2257  5.57449549287
2258  9.89216861967
2259  8.34050358192
2260  6.99807116283
2261  12.3531372533
2262  10.5504028359
2263  17.5133377744
2264  12.9609413238
2265  17.6305700418
2266  11.9136896048
2267  9.97005516534
2268  13.3726212838
2269  6.65770230635
2270  7.21685527082
2271  6.0690196902
2272  9.72465937707
2273  13.3376159789
2274  16.7035624943
2275  14.1293665817
2276  13.9638819817
2277  13.9130514266
2278  6.2864139221
2279  9.15030054151
2280  9.18564096838
2281  6.68079336606
2282  5.09705797495
2283  15.1153564298
2284  8.17502293575
2285  10.8606629632
2286  11.8994957876
2287  14.2431738036
2288  12.3298824001
2289  22.1043887045
2290  9.52333975032
2291  8.58020978765
2292  4.78058573817
2293  4.97975903031
2294  6.31379442174
2295  7.92546528603
2296  4.38041093963
2297  15.6785203383
2298  14.8623685865
2299  13.3285408054
2300  18.8046802685
2301  17.6692388065
2302  19.0964394587
2303  11.151502141
2304  13.9215300883
2305  17.0562305332
2306  12.5018398646
2307  15.7817933075
2308  16.332023757
2309  7.32577640936
2310  15.3314382887
2311  9.07154893059
2312  7.81140192283
2313  14.7381477805
2314  19.3918281758
2315  9.67119434196
2316  13.2253166314
2317  18.117091378
2318  8.86978015511
2319  16.8064570924
2320  13.954210834
2321  14.9023152564
2322  11.7647354411
2323  12.5288068067
2324  14.0292195079
2325  8.41189633793
2326  11.4294356816
2327  14.2822267171
2328  6.5993181466
2329  6.37338214765
2330  9.0337146291
2331  6.09926225047
2332  6.36301815179
2333  7.97188810759
2334  6.41622942233
2335  7.74344884402
2336  5.8047394429
2337  9.09609806455
2338  8.95354678326
2339  14.2835919852
2340  12.508037416
2341  20.1295305459
2342  18.5582057322
2343  17.2473186322
2344  19.2876385283
2345  10.6641455354
2346  8.24899993939
2347  8.00093744507
2348  5.9731063945
2349  9.14740400332
2350  6.90144912319
2351  5.51724568965
2352  5.50962793662
2353  12.4892753993
2354  18.5708104293
2355  15.2960125523
2356  11.1678108867
2357  15.472362457
2358  18.8631121504
2359  17.7070607386
2360  5.47950727712
2361  6.27383455313
2362  7.50666370633
2363  6.46714774843
2364  9.33134502631
2365  10.3129045375
2366  12.3786509766
2367  14.7650601082
2368  16.4420801604
2369  15.8637007032
2370  15.1940448861
2371  8.92658949431
2372  14.341408578
2373  14.6503242285
2374  11.4744934529
2375  17.5230419734
2376  14.6113996592
2377  17.0901433581
2378  14.3480660718
2379  13.9939987137
2380  18.5156150316
2381  7.18282674161
2382  6.41996884728
2383  17.4983713528
2384  6.77790528113
2385  6.97517024882
2386  5.35574457942
2387  10.9169592836
2388  13.4991481213
2389  10.398894172
2390  15.6815496683
2391  10.0897968265
2392  7.46284128198
2393  9.3702187808
2394  8.90235923786
2395  10.4888988936
2396  19.973832882
2397  5.30518614188
2398  16.0200187266
2399  11.4512444739
2400  14.0771090782
2401  16.9073948318
2402  20.0644212476
2403  7.95575263567
2404  6.72792687237
2405  6.95737019282
2406  13.0451523563
2407  9.51031019473
2408  10.5076162853
2409  10.9769303542
2410  12.2973980988
2411  7.65401855237
2412  6.62932877447
2413  9.331398609
2414  7.72282331793
2415  7.37888880523
2416  7.40796868244
2417  5.996415596
2418  5.90779146551
2419  7.24851708972
2420  17.0232488086
2421  21.2996009352
2422  6.18684087398
2423  18.4682159398
2424  18.0781636236
2425  5.04658300239
2426  9.11915566267
2427  6.60817675308
2428  8.29897584043
2429  11.4074098725
2430  6.79455664484
2431  8.06864300859
2432  6.45298380596
2433  15.0590836375
2434  12.3941115051
2435  10.095593098
2436  11.7424443793
2437  14.132409561
2438  19.1598277654
2439  11.6067652686
2440  7.481978348
2441  5.87162669113
2442  6.05119822845
2443  6.09327498149
2444  8.36068179038
2445  7.85938928925
2446  9.78744093213
2447  11.1132353525
2448  4.79072019638
2449  10.301990099
2450  12.9402859319
2451  16.2385652076
2452  13.2976689687
2453  14.7653987417
2454  12.4479315551
2455  14.5546556126
2456  15.1503135281
2457  11.9687927545
2458  5.37475580841
2459  7.58399630802
2460  6.25563745753
2461  5.88489592091
2462  5.9235124715
2463  7.75319289067
2464  7.26202451111
2465  8.25899509626
2466  7.6852456044
2467  8.81527084099
2468  7.62259798232
2469  11.7964825266
2470  19.7866621743
2471  19.925586566
2472  5.96833310062
2473  6.5186655076
2474  7.47321885134
2475  7.28971878744
2476  6.20934779184
2477  7.40405294417
2478  7.36586722661
2479  14.330422185
2480  17.3017918147
2481  11.7953804517
2482  12.9314345685
2483  26.6489211789
2484  13.8297866939
2485  14.3328992182
2486  17.6769624087
2487  12.884913659
2488  10.6287816799
2489  10.0384759799
2490  13.2745621397
2491  9.20679097189
2492  10.631086492
2493  11.0223863115
2494  16.9537901367
2495  7.3221581518
2496  15.9092111684
2497  18.5758714466
2498  12.7150697993
2499  20.0975371625
2500  17.1753602582
2501  16.4914826501
2502  6.24179461373
2503  5.43102200327
2504  7.67280913356
2505  6.96311711807
2506  5.76324561337
2507  10.8392804189
2508  6.21297030413
2509  5.80551461974
2510  7.43411057222
2511  5.67203667125
2512  6.81153433523
2513  10.4747315001
2514  11.9465057653
2515  14.9942655705
2516  13.0050759321
2517  11.7579334919
2518  11.825903771
2519  12.2271010464
2520  8.96219839102
2521  8.37149926835
2522  14.5069983112
2523  16.1152722596
2524  13.2475658141
2525  16.5937036252
2526  15.7373758931
2527  14.2348867224
2528  7.45513246026
2529  6.78579398449
2530  6.90014492601
2531  6.02494813256
2532  5.6983330896
2533  7.80314039346
2534  19.575060664
2535  16.265884544
2536  16.0754782199
2537  14.1488162049
2538  16.1040678091
2539  9.07628778742
2540  5.26659282649
2541  16.9704448969
2542  15.9817082942
2543  13.2871366366
2544  12.1819128219
2545  11.1950435461
2546  14.3569147103
2547  16.5841792079
2548  7.4261699415
2549  9.02679345061
2550  9.47897673802
2551  5.82365864384
2552  6.02262401284
2553  6.11588096679
2554  15.5416858802
2555  15.1091694014
2556  13.9395121866
2557  11.3732141455
2558  10.6226173799
2559  13.1354482223
2560  11.2809130836
2561  13.8664342929
2562  5.943567952
2563  5.53299195734
2564  5.86088730484
2565  7.00614016417
2566  8.51334246932
2567  16.1709925484
2568  18.9314553059
2569  15.894779017
2570  12.1336309487
2571  14.9396117754
2572  19.3430607712
2573  4.01746188532
2574  7.74493382799
2575  7.65924278242
2576  5.14344242701
2577  7.60506410229
2578  9.61930350909
2579  11.7901229849
2580  16.9015383915
2581  15.1974339939
2582  15.0103630869
2583  8.80902945846
2584  14.1947525516
2585  6.41272173106
2586  6.90456370816
2587  7.31689824994
2588  7.10647591989
2589  5.75786418735
2590  6.01631116217
2591  6.57457222943
2592  15.7978796046
2593  15.5713519002
2594  13.9398350062
2595  14.3583773456
2596  14.0143497887
2597  12.8290685554
2598  17.0594548565
2599  7.13813701185
2600  7.66531147443
2601  10.117509575
2602  7.39493069609
2603  12.1588239563
2604  12.8981006354
2605  11.9448315183
2606  16.0006249878
2607  5.46150162501
2608  5.77468613866
2609  11.8249735729
2610  13.6537540625
2611  6.29102535363
2612  6.13449264406
2613  6.93224350409
2614  7.19791636517
2615  8.12883755527
2616  8.41332276809
2617  5.63976949884
2618  8.20847123404
2619  15.1158526058
2620  21.1570082951
2621  13.0546543424
2622  21.5164588165
2623  13.4060061167
2624  14.8143173991
2625  16.4611056737
2626  13.5646968267
2627  14.5325152675
2628  18.7264251794
2629  16.2895058243
2630  10.0441525277
2631  17.2293064283
2632  17.4825341413
2633  12.2846245364
2634  14.6445553022
2635  6.978395231
2636  5.59919637091
2637  5.85388759714
2638  6.08029604542
2639  5.41765631985
2640  5.98063541775
2641  6.86833313112
2642  8.89190643226
2643  10.4293336316
2644  12.9703893542
2645  14.3816549813
2646  15.7393138351
2647  7.17314435934
2648  13.3765840184
2649  11.3850779532
2650  14.2476664756
2651  13.432646798
2652  12.4855516498
2653  7.00763868932
2654  7.38288561472
2655  8.13898028011
2656  14.8120559005
2657  13.4548132651
2658  6.13033441176
2659  6.38482576113
2660  5.59544457572
2661  6.69626761711
2662  8.34415963414
2663  7.64081147523
2664  7.71524464939
2665  17.0494281429
2666  13.1475092698
2667  14.6679241885
2668  14.7729820957
2669  15.7183968648
2670  11.0465379192
2671  5.96221435374
2672  8.4610283063
2673  5.86983815791
2674  15.5956724767
2675  5.88260146534
2676  6.05417211516
2677  7.74306141006
2678  6.87858997179
2679  17.7927232317
2680  15.5310978363
2681  15.2359443422
2682  16.5101786786
2683  15.3066978803
2684  15.6011538035
2685  8.51128662424
2686  12.0518878189
2687  15.3574411931
2688  14.7181520579
2689  4.99919993599
2690  4.14354920328
2691  6.98176195527
2692  26.5684587434
2693  8.57461369392
2694  6.42028036771
2695  15.8357822668
2696  14.6140001369
2697  19.9829677476
2698  14.0643876511
2699  15.8142340946
2700  13.3173946401
2701  16.9045260212
2702  18.1506473714
2703  14.4730439093
2704  11.2864520555
2705  17.401781518
2706  8.95053071052
2707  14.5786144746
2708  11.520546862
2709  18.4380042304
2710  15.4838302755
2711  14.947809204
2712  15.4377783376
2713  6.72800118906
2714  15.7624553925
2715  14.1101027636
2716  17.8867548762
2717  15.034393902
2718  12.4450793489
2719  11.3832772083
2720  15.7475394903
2721  22.9216709688
2722  19.4541769294
2723  18.2371598666
2724  5.60695996062
2725  6.25947282125
2726  17.862670573
2727  10.7507674145
2728  12.9036041477
2729  7.47582771337
2730  13.8986330263
2731  6.47618714986
2732  13.3716117204
2733  13.2551122213
2734  20.5572858131
2735  7.93599395161
2736  6.13612255419
2737  16.1417161417
2738  9.7558187765
2739  16.6142107847
2740  17.4257281053
2741  15.4906746141
2742  15.8497003126
2743  8.29427513409
2744  13.5121426872
2745  8.38534435787
2746  14.6112285589
2747  11.2132064995
2748  9.32105144284
2749  14.6330106267
2750  18.1548065261
2751  16.5135398991
2752  6.4933042436
2753  21.4359277849
2754  14.2511753901
2755  5.23134781868
2756  8.03069112841
2757  6.07840439589
2758  6.9671371452
2759  8.1835811232
2760  6.54507448392
2761  6.56170709496
2762  8.17110763606
2763  7.53816953909
2764  13.9070485726
2765  15.3636258741
2766  12.6022220263
2767  14.9801201597
2768  7.97897236491
2769  11.4421151891
2770  10.9909963152
2771  16.2500769229
2772  11.2182440694
2773  6.74885175419
2774  5.50472524292
2775  8.00143737087
2776  18.1095554887
2777  14.9808878242
2778  6.10990998297
2779  10.3771865166
2780  11.8417059582
2781  7.13007713843
2782  6.65334502337
2783  7.86701976609
2784  10.8204898226
2785  13.7583429235
2786  20.1889326117
2787  14.1042901275
2788  7.67593642496
2789  6.69469939579
2790  6.22342349515
2791  7.07156276929
2792  6.19144571163
2793  6.5915096905
2794  15.9880267701
2795  16.3265121811
2796  4.64456671822
2797  6.0537591627
2798  15.0393816362
2799  11.6193803621
2800  18.0316665896
2801  16.1081035507
2802  14.5948621097
2803  9.44626910478
2804  10.3869148451
2805  13.7176528605
2806  11.650622301
2807  15.8032907965
2808  12.0007499766
2809  13.3442871672
2810  18.7418515627
2811  17.1048531125
2812  16.4781370306
2813  12.1920875981
2814  5.57270131983
2815  13.7201676375
2816  14.3163193594
2817  14.8034793208
2818  6.54079505871
2819  13.034224181
2820  19.1176358371
2821  13.2527732947
2822  13.9199856322
2823  16.9589799222
2824  8.34350046443
2825  9.26131740089
2826  17.0299148559
2827  16.7919921391
2828  20.0680591986
2829  18.2810557682
2830  6.10647197652
2831  7.79865372997
2832  12.6486362901
2833  17.022808229
2834  11.8058036575
2835  11.1384469294
2836  10.4985237057
2837  14.6738883736
2838  15.7857847445
2839  10.9467803486
2840  14.1714148905
2841  15.012961067
2842  14.6822001076
2843  12.5358286523
2844  7.41505225875
2845  11.6250591396
2846  16.154534967
2847  13.284728074
2848  11.1994196278
2849  21.4434838587
2850  14.9951658877
2851  19.4046643877
2852  14.1511836961
2853  4.56179789118
2854  6.4829777109
2855  12.2372382505
2856  14.4175587393
2857  16.5514047742
2858  13.3252767326
2859  14.5996917776
2860  16.5518276936
2861  6.26298650805
2862  16.2608425366
2863  12.4531522114
2864  15.6228358501
2865  15.9944052718
2866  14.1316311868
2867  11.9731783583
2868  15.4703587547
2869  12.0018748535
2870  15.1462206507
2871  14.5298313824
2872  5.61862972619
2873  14.466513056
2874  10.6275114679
2875  6.87749954562
2876  16.923977074
2877  12.5195047825
2878  16.7691979534
2879  8.72238499494
2880  11.9351581473
2881  11.1441464456
2882  16.7141257624
2883  16.7736102256
2884  15.3263172354
2885  12.6372861011
2886  15.6094522646
2887  21.4469578262
2888  12.5918227434
2889  20.6786363187
2890  17.1922947857
2891  13.2338203101
2892  15.2969277961
2893  21.1846642645
2894  13.6950355969
2895  10.4909484795
2896  11.9116329695
2897  17.2599826188
2898  14.1971123825
2899  14.7913488229
2900  12.2869849841
2901  15.2681695039
2902  16.2090098402
2903  13.5343636718
2904  11.1971424926
2905  18.1671681888
2906  16.1552777754
2907  13.408989522
2908  5.72468339736
2909  6.19653128774
2910  8.30981347564
2911  20.8091566384
2912  12.7373859171
2913  17.9399832776
2914  13.2150671584
2915  12.3162900258
2916  19.2368136655
2917  6.90818355286
2918  15.4735257779
2919  16.1052165462
2920  16.3693005348
2921  19.8400100806
2922  21.1802502346
2923  17.7235436637
2924  19.0160721496
2925  18.9287875998
2926  11.272222496
2927  15.2113444508
2928  16.9261927202
2929  15.2453271529
2930  11.2921211471
2931  25.9279771675
2932  10.2270230273
2933  8.82014739106
2934  5.70788927713
2935  6.7194493822
2936  14.7559140686
2937  12.0374415886
2938  14.7949991551
2939  15.8072451743
2940  16.6238383053
2941  14.264431289
2942  6.77104127886
2943  16.2673906943
2944  14.4892028766
2945  13.8229157561
2946  13.1808952655
2947  18.2266014386
2948  13.6894484914
2949  17.3809666014
2950  13.480912432
2951  17.3537603994
2952  6.47703635932
2953  13.5142887345
2954  12.5175476832
2955  12.6632539262
2956  12.9462735951
2957  18.0193507097
2958  11.1215556466
2959  14.8459422065
2960  5.3371340624
2961  13.0765438859
2962  14.0283997662
2963  13.3290659838
2964  6.73112174901
2965  6.13465565456
2966  13.6745383834
2967  17.00693976
2968  16.8506082976
2969  11.361822037
2970  16.4152063648
2971  17.8523107748
2972  11.9076446034
2973  13.4530293986
2974  7.35792090199
2975  5.63249500666
2976  6.55049616441
2977  14.7616394753
2978  15.1270618429
2979  21.8766999339
2980  13.3555980772
2981  15.0875776717
2982  5.10813077358
2983  5.39564639316
2984  10.3340698662
2985  18.1345526551
2986  16.5593176188
2987  16.929264603
2988  15.2157812813
2989  16.4367575878
2990  15.9412358367
2991  17.5190182373
2992  4.46654228683
2993  18.2200987923
2994  14.5743953562
2995  6.84850348616
2996  17.3306664615
2997  15.0195206315
2998  20.8832947592
2999  12.2048351074
3000  13.0917531294
3001  18.6910406345
3002  15.5702280009
3003  12.7445282376
3004  13.8290997538
3005  16.8773813135
3006  14.2689523091
3007  4.62006493461
3008  17.1796391115
3009  12.1975817275
3010  12.9195201149
3011  17.4751251784
3012  13.0519347225
3013  16.0808892789
3014  17.4832777247
3015  21.423141693
3016  12.6953140962
3017  12.4803445465
3018  18.054639293
3019  5.60455172159
3020  15.4458084929
3021  25.4314765596
3022  16.5142362827
3023  13.22180018
3024  19.2853571396
3025  16.7654704676
3026  18.4557308173
3027  16.5777561811
3028  17.8616628565
3029  5.92671915987
3030  12.4828682601
3031  15.1899967084
3032  18.9232132578
3033  18.1620758725
3034  12.9406336785
3035  15.6249479999
3036  14.8124947257
3037  12.8063656047
3038  12.9789059631
3039  16.4765894529
3040  13.4628748787
3041  20.4318379007
3042  16.2678824682
3043  14.3929496629
3044  10.7912464526
3045  11.9724266546
3046  14.0361675681
3047  20.2768340724
3048  17.5726492027
3049  18.5054586541
3050  14.4090596501
3051  7.81728853248
3052  20.8843482063
3053  17.3394636595
3054  12.2870256775
3055  14.5740179772
3056  14.3504006913
3057  19.8121932153
3058  12.4252162959
3059  14.4528197941
3060  12.0719095424
3061  6.87386354243
3062  6.38662665262
3063  6.55537947033
3064  15.2444744088
3065  15.2719023046
3066  15.4940311088
3067  17.9277996419
3068  12.7103501132
3069  14.2021477249
3070  13.06418769
3071  16.7182534973
3072  17.0401877924
3073  13.8794452339
3074  15.9289045449
3075  11.2153912103
3076  22.4351064183
3077  25.0378513455
3078  13.4517285135
3079  7.90683248842
3080  14.3121277244
3081  19.7665373801
3082  12.0926837385
3083  13.8475629625
3084  13.9788411537
3085  14.8914404945
3086  14.2114742374
3087  20.3281578113
3088  14.596129624
3089  13.0831188942
3090  17.7469152249
3091  16.5134490643
3092  19.9791140945
3093  12.9762860634
3094  19.1588621792
3095  12.6743441645
3096  17.2555208557
3097  21.4655305082
3098  13.5324424994
3099  13.4295569547
3100  14.6251495719
3101  15.0451653364
3102  14.0589117644
3103  12.8652244442
3104  11.2562871321
3105  13.9933912973
3106  15.1650255522
3107  10.9490182208
3108  10.9423946191
3109  10.5516349444
3110  13.2863840077
3111  18.8524268995
3112  20.7383943448
3113  12.5734641209
3114  16.0334338181
3115  19.0024208984
3116  18.000472216
3117  17.5948287858
3118  12.49395854
3119  11.0214336635
3120  17.0276833421
3121  12.0421343623
3122  6.62789559363
3123  6.34491922722
3124  13.7234835228
3125  16.8011011544
3126  9.20108689232
3127  15.1518315725
3128  15.6514536066
3129  13.4569312995
3130  16.8621173048
3131  15.0425064401
3132  17.879569346
3133  13.5622638228
3134  15.1612664379
3135  18.1991208579
3136  16.2756873895
3137  11.2386831969
3138  17.3428371381
3139  13.1120936543
3140  14.6124946535
3141  13.8981653465
3142  19.8987688061
3143  12.4900360288
3144  11.479721251
3145  16.1374099533
3146  18.963359407
3147  15.1280534108
3148  11.7353312693
3149  13.7870228839
3150  16.3729044461
3151  11.2270655115
3152  16.974893225
3153  17.1206308295
3154  12.3655570032
3155  4.40283999255
3156  14.7670917922
3157  18.3207532596
3158  12.6626616475
3159  6.72777823654
3160  24.150507241
3161  8.85121460592
3162  10.2195401071
3163  18.9585600719
3164  17.728085063
3165  16.8335676551
3166  14.1040774246
3167  9.31917378312
3168  6.28275417313
3169  6.86775072349
3170  8.63701337269
3171  9.61821189203
3172  16.8926315298
3173  12.8658073979
3174  10.795786215
3175  15.3900292397
3176  15.5027739453
3177  14.4217544009
3178  5.70263097175
3179  13.0821252096
3180  14.6013697988
3181  17.3407035613
3182  21.2802725546
3183  17.0873637522
3184  8.96426237902
3185  12.7489999608
3186  7.7872331415
3187  11.0260146925
3188  12.9077496102
3189  10.1388362251
3190  10.4324014493
3191  12.1590706882
3192  12.1904880952
3193  12.0130762089
3194  12.153024315
3195  12.7433119714
3196  15.3224345324
3197  11.0177583927
3198  11.4257603686
3199  15.9492946553
3200  12.7943346838
3201  14.0994326127
3202  15.1854535658
3203  15.6614494859
3204  15.0239808307
